0000000000000000000000000000000000000000000000000000000000000000000001000000000000000000000000000000000000000000000000000000000000000000000000000100000000000000000000000000000000
1000000000000000000000000000000000000000000000000000000000000000000001000000000000000000000000000000000000000000000000000000000000000000000000000100000000000000000000000000000000
0000000000000000000000000000000000000000000000000000000000000000000000000000000000000000000000000000000000000000000000000000001000000000000000100000000000000000000000000000000000
0000000000000000000000000000000000000010000000000000000000000000000000000000000000000000000000000000000000000000000000000000001000000000000000100000000000000000000000000000000000
0000000000000000000000000000000000000010000000000000000000000000000000000000000000000000000000000000000000000000000000000000001000000000000000100001000000000000000000000000000000
0000000000000000000000000000000000000010000000000000000000000000000000000000000000000000000000000000000000000000000000000000001000000000000000100001000000000000000000000000000010
0000000000000000000000000000000000000000010000000000000000000000000000000000000000000000000010000000000000000000000000000000000000000000000000000000000000000000000000000000000000
0000000000000000000000000000000000000000010000000000000100000000000000000000000000000000000010000000000000000000000000000000000000000000000000000000000000000000000000000000000000
0000000000000000000000000000000000000000010000000000000100000000000000001000000000000000000010000000000000000000000000000000000000000000000000000000000000000000000000000000000000
0000000000000000000000000000000000000010010000000000000100000000000000001000000000000000000010000000000000000000000000000000001000000000000000100001000000000000000000000000000010
0000000000000000000000000000000000000010010000000000000100000000000100001000000000000000000010000000000000000000000000000000001000000000000000100001000000000000000000000000000010
0000000000000000000000000000000000000010010000000000000100000000000100001000000000000000000010000000000000000000000000000000001000000000000000100001000000000000000000000000000011
0000000000000000000000000000000000000010010000000000000100000000000100001000000000000000000010000000000000000000000000000000001000000000000000100001000000001000000000000000000011
0000000000000000000000000000000000000000000000000000000000000000010000000000000000000000000000000000000000000000000000000000000000100000000000000000000000000000000000000000000000
0000000000000000000000000000000000000000000000000001000000000000010000000000000000000000000000000000000000000000000000000000000000100000000000000000000000000000000000000000000000
0000000000000000000000000000000000000000000000000001000000000000010000000000000000000000001000000000000000000000000000000000000000100000000000000000000000000000000000000000000000
0000000000000000000000000000000000000010010000000001000100000000010100001000000000000000001010000000000000000000000000000000001000100000000000100001000000001000000000000000000011
0000000000000000000000000000000000000010010000000001000100000000010100001000000000000000101010000000000000000000000000000000001000100000000000100001000000001000000000000000000011
0000000000000000000000100000000000000010010000000001000100000000010100001000000000000000101010000000000000000000000000000000001000100000000000100001000000001000000000000000000011
1000000000000000000000100000000000000010010000000001000100000000010101001000000000000000101010000000000000000000000000000000001000100000000000100101000000001000000000000000000011
1000000000000000000000100000000000000010010000000001000100100000010101001000000000000000101010000000000000000000000000000000001000100000000000100101000000001000000000000000000011
1000000000000000000000100000000000000010010000000001000100100000010101001000000000000000101010000000000000000000000000000000001000100000000000100101000000001000001000000000000011
1000000000000000000000100000000001000010010000000001000100100000010101001000000000000000101010000000000000000000000000000000001000100000000000100101000000001000001000000000000011
0000000000000000010000000000000000000000000000000000000001000000000000000000000000000000000000000000000000000000000000000000000000000000000000000000000000000000000000000000000000
0000000000000000010000000000010000000000000000000000000001000000000000000000000000000000000000000000000000000000000000000000000000000000000000000000000000000000000000000000000000
1000000000000000010000100000010001000010010000000001000101100000010101001000000000000000101010000000000000000000000000000000001000100000000000100101000000001000001000000000000011
0000000000000000000000000000000000000000000100000000000000000000000000000000000000000000000000000000000000000000000000000000000000000000000000000000000000000000000000000000001000
0000000000000000000000000000000000000000000100000000000000000000000000000000000000000000000000000010000000000000000000000000000000000000000000000000000000000000000000000000001000
0000000000000000000000000000000000000000000100000000000000000000000000000000000000000000000000000010000000000000100000000000000000000000000000000000000000000000000000000000001000
0000000000000000000000000000000000000000000100000000000000000000000000000000000000000000000000000010000000000000100000000000000010000000000000000000000000000000000000000000001000
1000000000000000010000100000010001000010010100000001000101100000010101001000000000000000101010000010000000000000100000000000001010100000000000100101000000001000001000000000001011
0100000000000000000000000000000000000000000000000000000000000000000000000000000000000000000000000000000000000000000000000000000000000100000000000000000000000000000000000000000000
0100000000000000000000000000000000000000000000000000000000000010000000000000000000000000000000000000000000000000000000000000000000000100000000000000000000000000000000000000000000
0100000000000000000000000000000000000000000000000000000000000010000000000000000000000000000000000000000000000000000000000000000000000100010000000000000000000000000000000000000000
0100000000000000000000000000000000000000000000000000000000000010000000000010000000000000000000000000000000000000000000000000000000000100010000000000000000000000000000000000000000
0000100000000000000000000000000000000000000000000000000000000000000000000000000001000000000000000000000000000000000000000000000000000000000000000000000000000000000000000000000000
0000100000000000000000000000000000000000000000000000000000000000000000000000000001000000000000000000000000000000001000000000000000000000000000000000000000000000000000000000000000
0100100000000000000000000000000000000000000000000000000000000010000000000010000001000000000000000000000000000000001000000000000000000100010000000000000000000000000000000000000000
0100100000000000000000000000000000000000000000000000000000010010000000000010000001000000000000000000000000000000001000000000000000000100010000000000000000000000000000000000000000
0100100000000000000000000000000000000000000000000000000000010010000000000010000001000000000000000000000000000000001000000000000000000100010000000000000100000000000000000000000000
0100100000000000000000000000000000000000000000000000000000010010000000000010000001001000000000000000000000000000001000000000000000000100010000000000000100000000000000000000000000
0100100000000000000000000000000000000000000000000000000000010010000000000010000001001000000000000000000000000000001000000001000000000100010000000000000100000000000000000000000000
0100100000000000001000000000000000000000000000000000000000010010000000000010000001001000000000000000000000000000001000000001000000000100010000000000000100000000000000000000000000
0100100000000000001000000000000000000000000000000000001000010010000000000010000001001000000000000000000000000000001000000001000000000100010000000000000100000000000000000000000000
0100100000000000001000000000000000000000000000000000001000010010000000000010000001001000000000000000000000000000001000000001000000000100010100000000000100000000000000000000000000
0100100000000000001000000000000000000000000000000000001000010010000000000010000011001000000000000000000000000000001000000001000000000100010100000000000100000000000000000000000000
0000000000000000000000000000000000000000100000100000000000000000000000000000000000000000000000000000000000000000000000000000000000000000000000000000000000000000000000000000000000
0100100000000000001000000000000000000000100000100000001000010010000000000010000011001000000000000000000000000000001000000001000000000100010100000000000100000000000000000000000000
0100100000000000001000000000000000000000100000100000001000010010000000000010000011001000000000000000000000001000001000000001000000000100010100000000000100000000000000000000000000
0000000000000100000000000000000000000000000000000000000000000000000000100000000000000000000000000000000000000000000000000000000000000000000000000000000000000000000000000000000000
0100100000000100001000000000000000000000100000100000001000010010000000100010000011001000000000000000000000001000001000000001000000000100010100000000000100000000000000000000000000
0000000000001000000000000000000000000000000000000000000000000000000000000000000000000000000000000000000000000000000000000000000000000000000000000000000000000000000000100000000000
0000000000001000000000000000000000000000000000000000000000000000000000000000000000000000000000000000000000000000000000000000000000000000000000000000000000000000000000100000000100
0000000000001000000000000000000000000000000000000000000000000000000000000000000000100000000000000000000000000000000000000000000000000000000000000000000000000000000000100000000100
0100100000001100001000000000000000000000100000100000001000010010000000100010000011101000000000000000000000001000001000000001000000000100010100000000000100000000000000100000000100
0100100000001100001000000000000000000000100000100000001000010010000000100010000011101000000000000000000000001000001000000001000000000100110100000000000100000000000000100000000100
0100100000001100001000000000000000000000100000100010001000010010000000100010000011101000000000000000000000001000001000000001000000000100110100000000000100000000000000100000000100
0100100000001100001000000000000000000000100000100010001000010010000000100010000011101000000000000000000000001000001000000001000000000100110100000000000100000000000000110000000100
0100100000001100001000000000000000000000100000100010001000010010000000100010000011101000000000000000000000001000001000000011000000000100110100000000000100000000000000110000000100
0000000000000010000000000000000000000000000000000000000000000000000000000000000000000000000000000000000000000000000000000000000000000000000000000000000000010000000000000000000000
0000000000000000000000000000000000000000000010000000000000000000000000000000000000000000000000000001000000000000000000000000000000000000000000000000000000000000000000000000000000
0000000000000010000000000000000000000000000010000000000000000000000000000000000000000000000000000001000000000000000000000000000000000000000000000000000000010000000000000000000000
0000000000000010000000000000000000000000000010000000000000000000100000000000000000000000000000000001000000000000000000000000000000000000000000000000000000010000000000000000000000
0000000000000010000000000000000000000000000010000000000000000000100000000000000000000000000000000001000000000000000000000000000000000000000000000000000000010000000001000000000000
0000000000000010000000000000000000000000000010000000000000000000100000000000000000000000000000010001000000000000000000000000000000000000000000000000000000010000000001000000000000
0000000000000000000000000000000000000000000000000000000000000000000000000100000000000000000000000000000000000000010000000000000000000000000000000000000000000000000000000000000000
0000000000000010000000000000000000000000000010000000000000000000100000000100000000000000000000010001000000000000010000000000000000000000000000000000000000010000000001000000000000
0000000000000000000000000000000000000000000000000000000000000000000000000000000000000000000000000000000000000001000000000000000000000000000000000000000000000001000000000000000000
0000000000000010000000000000000000000000000010000000000000000000100000000100000000000000000000010001000000000001010000000000000000000000000000000000000000010001000001000000000000
0000000000000010000000000000000000000000000010000000000000000000100000000100000000000000000000010001000000000001010000000000000000000000000000001000000000010001000001000000000000
0100100000001110001000000000000000000000100010100010001000010010100000100110000011101000000000010001000000001001011000000011000000000100110100001000000100010001000001110000000100
0100100000001110001000000000000000000000100010100010001000010010100000100110000011101000000000010001000000001001011000000011000000000100110110001000000100010001000001110000000100
0000000000000000000000000000000000000000000000000100000000000000000000000000000000000000000000000000000000000000000000010000000000000000000000000000000000000000000000000000000000
0100100000001110001000000000000000000000100010100110001000010010100000100110000011101000000000010001000000001001011000010011000000000100110110001000000100010001000001110000000100
0000000000000000000000000000000000100000000000000000000000000000000000000000000000000000000000000000000000000000000000000000000001000000000000000000000000000000000000000000000000
0000000000000000000000000000000000100000000000000000000000000000000000000000000000000010000000000000000000000000000000000000000001000000000000000000000000000000000000000000000000
0100100000001110001000000000000000100000100010100110001000010010100000100110000011101010000000010001000000001001011000010011000001000100110110001000000100010001000001110000000100
0000000000000000000000000000000000000000000000000000000000000000000000000000000000000000000000000000000000000100000000000000000000000000000000000000000000000000000000001000000000
0100100000001110001000000000000000100000100010100110001000010010100000100110000011101010000000010001000000001101011000010011000001000100110110001000000100010001000001111000000100
0100100000001110001000000000000000100000100010100110001000010010100000100110000011111010000000010001000000001101011000010011000001000100110110001000000100010001000001111000000100
0100100000001110001000000000000000100000100010100110001000010010100000100110000011111010000000011001000000001101011000010011000001000100110110001000000100010001000001111000000100
0100100000001110001000000000000000100000100010100110001000010010100000100110000011111010000000011001000000001101011000010011000001000100110110001000000100010001000001111010000100
0000000000000000000000000000000000001000000000000000000000000000000000000000000000000000000000000000000000000000000000000000000000000000000000000000000000000100000000000000000000
0000000000000000000000000000000000001000000000000000000000000000000000000000000000000000000000000000000000000000000000000000000000000000000000000000000000000100010000000000000000
0000000000000000000000000000000000000000000000000000000000000000000000000000000100000000000000000000000000000000000001000000000000000000000000000000000000000000000000000000000000
0000000000000000000000000000000000000000000000000000000000000000000000000001000100000000000000000000000000000000000001000000000000000000000000000000000000000000000000000000000000
0000000000000000000000000000000000000000000000000000000000000000000000000001000100000000000000000000000000000000000001000000000000000000000000000000000001000000000000000000000000
0000000000000000000000000000000000001000000000000000000000000000000000000001000100000000000000000000000000000000000001000000000000000000000000000000000001000100010000000000000000
0000000000000000000000000000000000001000000000000000000000000000000000000001000100000000000000000000000010000000000001000000000000000000000000000000000001000100010000000000000000
0000000001000000000000000000000000001000000000000000000000000000000000000001000100000000000000000000000010000000000001000000000000000000000000000000000001000100010000000000000000
0000000000000000000000000000000000000000000000000000010000000000000000000000000000000000000000000000000000000000000010000000000000000000000000000000000000000000000000000000000000
0000000001000000000000000000000000001000000000000000010000000000000000000001000100000000000000000000000010000000000011000000000000000000000000000000000001000100010000000000000000
0000000001000000000000000000000000001000000000000000010000000000000000000001000100000001000000000000000010000000000011000000000000000000000000000000000001000100010000000000000000
0100100001001110001000000000000000101000100010100110011000010010100000100111000111111011000000011001000010001101011011010011000001000100110110001000000101010101010001111010000100
0100100001001110001000000000000000101000100010100110011000010010100000100111000111111011000000111001000010001101011011010011000001000100110110001000000101010101010001111010000100
0100100001001110001000000000000000101000100010100110011000010010100000100111000111111011000000111001001010001101011011010011000001000100110110001000000101010101010001111010000100
0100100001001110001000000000000000101000100010100110011000010010100000100111000111111111000000111001001010001101011011010011000001000100110110001000000101010101010001111010000100
0000000000000000000100000000000000000000000000000000000000000000000000000000000000000000000000000000000000000000000000000000000000000000000000000000000000000000000000000100000000
0000000000000000000100000000000000000000000000000000000000000000000000000000100000000000000000000000000000000000000000000000000000000000000000000000000000000000000000000100000000
0000000000000000000100000000000000000000000000000000000000000000000000000000100000000000000100000000000000000000000000000000000000000000000000000000000000000000000000000100000000
0000000000000000000100000000000000000000000000000000000000000000000000000000100000000000000100000000000000000000000000000000000000000000000000000000001000000000000000000100000000
0100100001001110001100000000000000101000100010100110011000010010100000100111100111111111000100111001001010001101011011010011000001000100110110001000001101010101010001111110000100
0000000000000000000000000000000000000000000000000000000000000000000000000000010000000000000000000000000001000000000000000000000000000000000000000000000000000000000000000000000000
0100100001001110001100000000000000101000100010100110011000010010100000100111110111111111000100111001001011001101011011010011000001000100110110001000001101010101010001111110000100
0001000000000000000000000000000000000000000000000000000000000000000000000000000000000000000000000000000000000000000000000000000000000000000000000000000000000000000000000001000000
0101100001001110001100000000000000101000100010100110011000010010100000100111110111111111000100111001001011001101011011010011000001000100110110001000001101010101010001111111000100
0101100001001110001100000000000000101000100010100110011000010110100000100111110111111111000100111001001011001101011011010011000001000100110110001000001101010101010001111111000100
0000000000000000000000000000000000000000000000000000000000000000000000000000000000000000000000000000000000010000000000000000000000000000000000000010000000000000000000000000000000
0000000000000000000000000000000000000000000000010000000000000000000000000000000000000000000000000000000000010000000000000000000000000000000000000010000000000000000000000000000000
0000000000000000000000000000000000000000000000010000000000000000000000000000000000000000000000000000000100010000000000000000000000000000000000000010000000000000000000000000000000
0000000000000000000000000000000000000000000000010000000000000001000000000000000000000000000000000000000100010000000000000000000000000000000000000010000000000000000000000000000000
0000000000000000000000000000000100000000000000010000000000000001000000000000000000000000000000000000000100010000000000000000000000000000000000000010000000000000000000000000000000
0000000000000000000000000000000100000000000000010000000000000001000000000000001000000000000000000000000100010000000000000000000000000000000000000010000000000000000000000000000000
0000000000000000000000000000000100000000000000010000000000000001000000000000001000000000000000000000000100010000000000000000000000000000000000000010100000000000000000000000000000
0000000000000000000000000000000100000000000000010000000000000001000000000000001000000000010000000000000100010000000000000000000000000000000000000010100000000000000000000000000000
0000000000000000000000000000000000000001000000000000000000000000000000000000000000000000000000000000000000000000000000000000000000000010000000000000000000000000000000000000000000
0000000000000000000000000000000100000001000000010000000000000001000000000000001000000000010000000000000100010000000000000000000000000010000000000010100000000000000000000000000000
0000000000000000000000000000000100000001000000010000000000000001000000000000001000000000010000000000000100010000000000001000000000000010000000000010100000000000000000000000000000
0101100001001110001100000000000100101001100010110110011000010111100000100111111111111111010100111001001111011101011011011011000001000110110110001010101101010101010001111111000100
0000000000000000000000000000000000000000000000001000000000000000000000000000000000000000000000000100000000000000000000000000000000000000000000000000000000000000000000000000000000
0101100001001110001100000000000100101001100010111110011000010111100000100111111111111111010100111101001111011101011011011011000001000110110110001010101101010101010001111111000100
0000000000000000000000000000000000000000000000000000000000000000000000000000000000000000000000000000000000000000000000000000000000000000000000000000000000000010000000000000100000
0000000000000000000000000000000000000000000000000000000000000000000000000000000000000000000000000000000000000000000000000000000000000000000000000000000000000010000000000000110000
0101100001001110001100000000000100101001100010111110011000010111100000100111111111111111010100111101001111011101011011011011000001000110110110001010101101010111010001111111110100
0101110001001110001100000000000100101001100010111110011000010111100000100111111111111111010100111101001111011101011011011011000001000110110110001010101101010111010001111111110100
0101110001001110001100000000000100101001100010111110011000010111100000100111111111111111010100111101001111011101011011011011000001000110110111001010101101010111010001111111110100
0000000000000000100000000000000000000000000000000000000000000000000000000000000000000000000000000000000000000000000000000000000000000000000000000000000010000000000000000000000000
0000000000000000100000000000000000000000000000000000000000000000000000000000000000000000000000000000100000000000000000000000000000000000000000000000000010000000000000000000000000
0000000000000000100000000000001000000000000000000000000000000000000000000000000000000000000000000000100000000000000000000000000000000000000000000000000010000000000000000000000000
0000000000000000100000000000001000000000000000000000000000000000000000000000000000000000000000000000110000000000000000000000000000000000000000000000000010000000000000000000000000
0000000000000000000000000000000000000000000000000000000010000000000000000000000000000000000000000000000000000000000000000000000000000000000000000000000000000000100000000000000000
0000000000000000000000000010000000000000000000000000000010000000000000000000000000000000000000000000000000000000000000000000000000000000000000000000000000000000100000000000000000
0000000000000000000000010010000000000000000000000000000010000000000000000000000000000000000000000000000000000000000000000000000000000000000000000000000000000000100000000000000000
0000000000000000100000010010001000000000000000000000000010000000000000000000000000000000000000000000110000000000000000000000000000000000000000000000000010000000100000000000000000
0000000000000000000000000000000000000000000000000000000000000000001000000000000000000000000000000000000000100000000000000000000000000000000000000000000000000000000000000000000000
0000000000000000000000000000000000010000000000000000000000000000001000000000000000000000000000000000000000100000000000000000000000000000000000000000000000000000000000000000000000
0000000000000000100000010010001000010000000000000000000010000000001000000000000000000000000000000000110000100000000000000000000000000000000000000000000010000000100000000000000000
0101110001001110101100010010001100111001100010111110011010010111101000100111111111111111010100111101111111111101011011011011000001000110110111001010101111010111110001111111110100
0000000000000000000000000000100000000000000000000000000000000000000000000000000000000000000000000000000000000000000000000000000000000000000000000000010000000000000000000000000000
0101110001001110101100010010101100111001100010111110011010010111101000100111111111111111010100111101111111111101011011011011000001000110110111001010111111010111110001111111110100
0101110001001110101100010010101100111001100010111110011010010111101000100111111111111111010101111101111111111101011011011011000001000110110111001010111111010111110001111111110100
0101110001001110101100011010101100111001100010111110011010010111101000100111111111111111010101111101111111111101011011011011000001000110110111001010111111010111110001111111110100
0101110001101110101100011010101100111001100010111110011010010111101000100111111111111111010101111101111111111101011011011011000001000110110111001010111111010111110001111111110100
0000000000000000000000000000000000000000000000000000000000000000000000010000000000000000000000000000000000000010000000000000000000000000000000000000000000000000000000000000000000
0101110001101110101100011010101100111001100010111110011010010111101000110111111111111111010101111101111111111111011011011011000001000110110111001010111111010111110001111111110100
0010000000000000000000000000000000000000000000000000000000000000000000000000000000000000000000000000000000000000000000000000000000000000001000000000000000000000000000000000000000
0000000010000000000000000000000000000000000000000000000000000000000000000000000000000000000000000000000000000000000000000000000000000000000000000000000000000000000100000000000000
0000000000000000000001000000000000000100000000000000000000000000000000000000000000000000000000000000000000000000000000000000000000000000000000000000000000000000000000000000000000
0000000010000000000001000000000000000100000000000000000000000000000000000000000000000000000000000000000000000000000000000000000000000000000000000000000000000000000100000000000000
0010000010000000000001000000000000000100000000000000000000000000000000000000000000000000000000000000000000000000000000000000000000000000001000000000000000000000000100000000000000
0010000010000000000001000000000000000100000000000000000000000000000000000000000000000000000000000000000000000000000000000000000000000000001000000000000000100000000100000000000000
0010000010000000000001000000000000000100000000000000000000000000000000000000000000000000000000000000000000000000000000000000000000000001001000000000000000100000000100000000000000
0000001000000000000000000000000000000000000000000000000000000000000000000000000000000000000000000000000000000000000000000000000000000000000000000000000000000000000010000000000000
0000001000000000000000000000000000000000000000000000000000000000000000000000000000000000000000000000000000000000000000000000010000000000000000000000000000000000000010000000000000
0010001010000000000001000000000000000100000000000000000000000000000000000000000000000000000000000000000000000000000000000000010000000001001000000000000000100000000110000000000000
0000000000000000000000000000000010000000000000000000000000000000000000000000000000000000000000000000000000000000000000000000100000000000000000000000000000000000000000000000000000
0010001010000000000001000000000010000100000000000000000000000000000000000000000000000000000000000000000000000000000000000000110000000001001000000000000000100000000110000000000000
0000000000010000000000000000000000000000000000000000100000000000000000000000000000000000000000000000000000000000000000000000000000000000000000000000000000000000000000000000000000
0010001010010000000001000000000010000100000000000000100000000000000000000000000000000000000000000000000000000000000000000000110000000001001000000000000000100000000110000000000000
0010001010010000000001000000000010000100000000000000100000000000000000000000000000000000000000000000000000000000000000000000110000001001001000000000000000100000000110000000000000
0000000000000000000000000000000000000000000000000000000000000000000000000000000000000000000000000000000000000000000000000100000100000000000000000000000000000000000000000000000000
0000000000000000000000000000000000000000000000000000000000000000000000000000000000000000000000000000000000000000000100000100000100000000000000000000000000000000000000000000000000
0000000000000000000000000000000000000000001000000000000000000000000000000000000000000000000000000000000000000000000100000100000100000000000000000000000000000000000000000000000000
0010001010010000000001000000000010000100001000000000100000000000000000000000000000000000000000000000000000000000000100000100110100001001001000000000000000100000000110000000000000
0000000100000000000000000000000000000000000000000000000000000000000000000000000000000000000000000000000000000000000000000000000000010000000000000000000000000000000000000000000000
0000000000000000000000000001000000000000000000000000000000000000000000000000000000000000000000000000000000000000000000100000000000000000000000000000000000000000000000000000000000
0000000100000000000000000001000000000000000000000000000000000000000000000000000000000000000000000000000000000000000000100000000000010000000000000000000000000000000000000000000000
0000000000000000000000000000000000000000000001000000000000001000000000000000000000000000000000000000000000000000000000000000000000000000000000000000000000000000000000000000000000
0000000000000000000000000100000000000000000001000000000000001000000000000000000000000000000000000000000000000000000000000000000000000000000000000000000000000000000000000000000000
0000000000000000000000000100000000000000000001000000000000001000000010000000000000000000000000000000000000000000000000000000000000000000000000000000000000000000000000000000000000
0000000000000001000000000100000000000000000001000000000000001000000010000000000000000000000000000000000000000000000000000000000000000000000000000000000000000000000000000000000000
0000000000000001000010000100000000000000000001000000000000001000000010000000000000000000000000000000000000000000000000000000000000000000000000000000000000000000000000000000000000
0000000100000001000010000101000000000000000001000000000000001000000010000000000000000000000000000000000000000000000000100000000000010000000000000000000000000000000000000000000000
0000000100000001000010000101000000000000000001000000000000001000000010000000000000000000000000000000000000000000000000100000000000010000000000010000000000000000000000000000000000
0010001110010001000011000101000010000100001001000000100000001000000010000000000000000000000000000000000000000000000100100100110100011001001000010000000000100000000110000000000000